     0/299     1.21G  0.005662  0.003792  0.004369   0.01382         4       640    0.6587    0.8563    0.7654    0.7321  0.002525  0.001126  0.004598
     1/299     5.98G  0.003575  0.003655  0.004391   0.01162         5       640    0.5997    0.9257    0.8214    0.8078  0.002477  0.001052  0.005489
     2/299     6.08G  0.005816  0.003531  0.004633   0.01398         6       640    0.5568    0.8002    0.5819    0.5222  0.002345  0.001567  0.004788
     3/299     6.11G  0.003725  0.003699  0.004113   0.01154         5       640    0.5684    0.8957    0.7205    0.6881  0.002486  0.001157  0.004837
     4/299     6.11G  0.002866  0.003602  0.004259   0.01073         7       640    0.6031     0.886    0.8047    0.7851  0.002316  0.001255  0.004542
     5/299     6.11G   0.00404  0.003719   0.00459   0.01235         8       640    0.6383    0.8349    0.7891    0.7714  0.001933  0.001148  0.004498
     6/299     7.26G  0.006192  0.003764  0.004734   0.01469         6       640     0.488    0.8876    0.5731    0.5377  0.002734  0.001433  0.004937
     7/299     7.26G  0.004192  0.003853  0.004486   0.01253         5       640    0.6447    0.8532    0.7859    0.7707  0.002104  0.001195  0.004637
     8/299     7.26G  0.003683  0.003847   0.00418   0.01171         7       640    0.5926    0.8497    0.7441    0.7086  0.002548  0.001088  0.004915
     9/299     7.26G  0.005445  0.004137  0.004267   0.01385         7       640    0.5718    0.8687    0.7122    0.6755  0.002687  0.001041  0.005253
    10/299     7.26G  0.004447  0.003904  0.004164   0.01252         4       640    0.6651    0.8319    0.8033    0.7565  0.002498 0.0009312  0.004691
    11/299     7.26G  0.007719  0.004118  0.005056   0.01689         4       640    0.3856    0.9293    0.4612    0.4003  0.003107  0.001841  0.005094
    12/299     7.26G  0.005697  0.004029  0.004258   0.01398         4       640    0.6235    0.8988    0.8108    0.7577  0.002637 0.0009029  0.004901
    13/299     7.26G  0.005204  0.003865  0.004201   0.01327         8       640     0.597    0.9226    0.8072    0.8046   0.00303  0.001021  0.004965
    14/299     7.26G  0.007295  0.004882  0.004454   0.01663         6       640    0.4927    0.8946    0.5998    0.5497  0.004095  0.001133  0.005167
    15/299     7.26G  0.006783  0.004766   0.00426   0.01581         3       640    0.5094    0.8143    0.6324    0.5357  0.002976  0.001291  0.004888
    16/299     7.26G  0.007902  0.004619  0.004609   0.01713         4       640    0.5161     0.936    0.6935    0.6516  0.003725  0.001395  0.005017
    17/299     7.26G  0.005653  0.004672    0.0044   0.01473        13       640    0.5151    0.9587    0.6772    0.6378    0.0027 0.0009761  0.005331
    18/299     7.26G  0.005172  0.004398  0.004309   0.01388         5       640    0.4756    0.7031    0.5575    0.4199  0.004191  0.002152   0.00543
    19/299     7.26G  0.004904  0.004144  0.004113   0.01316         6       640    0.4243     0.554    0.4712     0.289  0.009515  0.002638  0.005536
    20/299     7.26G  0.006006  0.004241  0.004182   0.01443         6       640    0.6621    0.8568    0.8134    0.7884   0.00218  0.001191  0.004871
    21/299     7.26G  0.006382  0.004188  0.004558   0.01513         8       640     0.624    0.8731    0.7305    0.7304   0.00202 0.0009791  0.005091
    22/299     7.26G  0.004298  0.004112  0.004147   0.01256         6       640    0.6171    0.7991     0.762     0.725  0.002773  0.001017   0.00501
    23/299     7.26G  0.007293  0.003887  0.004305   0.01548         6       640    0.5693    0.6332    0.6338     0.554  0.004321  0.001696  0.005243
    24/299     7.26G  0.005439  0.004141  0.004152   0.01373         6       640    0.5612    0.9088    0.7383     0.693  0.003015  0.001358  0.005009
    25/299     7.26G  0.005696  0.003859  0.004222   0.01378         8       640    0.6416     0.849    0.8131    0.7133  0.004143  0.001115  0.005131
    26/299     7.26G   0.00451  0.003897  0.004211   0.01262         7       640      0.63     0.878    0.7812    0.7653  0.002498 0.0008786  0.005097
    27/299     7.26G  0.004737  0.003815  0.004045    0.0126         3       640    0.5971    0.8604    0.7536     0.731  0.003355  0.001202  0.005086
    28/299     7.26G  0.006587  0.004105  0.004381   0.01507        10       640    0.5547    0.9821    0.7276    0.6396  0.003985  0.001082  0.005188
    29/299     7.26G  0.005964  0.004181  0.004453    0.0146         8       640    0.6408    0.8594    0.7657    0.7428   0.00221  0.001016  0.004876
    30/299     7.26G     0.011   0.00372  0.005188   0.01991         3       640    0.6101    0.7098    0.7073    0.5969  0.003718  0.001237  0.004981
    31/299     7.26G  0.004867  0.003852  0.004259   0.01298         6       640    0.4921    0.8374    0.6596    0.5552  0.003086  0.001862  0.005246
    32/299     7.26G  0.007767  0.003629  0.004468   0.01586         8       640    0.6363    0.8843    0.7851    0.6813  0.004506  0.001426  0.004871
    33/299     7.26G   0.00569  0.003627  0.004083    0.0134         8       640    0.6162    0.8973    0.8236    0.8227  0.002671 0.0008589  0.004888
    34/299     7.26G  0.005146   0.00346  0.003914   0.01252        10       640    0.6277    0.8854    0.8284    0.7375    0.0036 0.0007723   0.00473
    35/299     7.26G  0.005413  0.003792  0.004164   0.01337        10       640    0.4141    0.7668    0.5063    0.2488   0.01222  0.002982  0.005131
    36/299     7.26G  0.004843  0.004665  0.004422   0.01393         8       640    0.5464    0.6293    0.5982    0.4363  0.003601  0.001949  0.004576
    37/299     7.26G  0.006144  0.004555  0.004459   0.01516         5       640    0.5154    0.8966    0.6517     0.538  0.001929  0.001185  0.006065
    38/299     7.26G  0.005961  0.004037  0.004593   0.01459         4       640    0.4827    0.9471    0.5916    0.5631   0.00209 0.0007433  0.005626
    39/299     7.26G   0.00429  0.003932  0.004269   0.01249         8       640    0.4947         1    0.6353    0.6108  0.002334 0.0007473  0.005471
    40/299     7.26G  0.006253  0.003869  0.003965   0.01409         9       640    0.5893    0.8765    0.7519     0.745  0.002149 0.0009135   0.00526
    41/299     7.26G   0.00904  0.003862  0.004552   0.01745         7       640    0.7345    0.7727    0.8444    0.7619  0.002941 0.0007769  0.004983
    42/299     7.26G  0.004842  0.003674  0.003765   0.01228         6       640    0.6514    0.8705    0.8166    0.8162  0.002128 0.0009224  0.004861
    43/299     7.26G  0.004925  0.003684  0.004243   0.01285         6       640    0.5963    0.9219    0.8318    0.7437  0.003919 0.0006926  0.004671
    44/299     7.26G  0.006493   0.00341  0.004193    0.0141         5       640    0.5255    0.9539    0.6682     0.606  0.002714 0.0009212   0.00529
    45/299     7.26G  0.005483  0.003566  0.003765   0.01281         3       640       0.7    0.7798    0.8295    0.7755  0.002727  0.000894  0.004656
    46/299     7.26G  0.005578  0.003561  0.003833   0.01297         8       640     0.494    0.9055    0.7195    0.7058  0.002743 0.0009608  0.004879
    47/299     7.26G  0.004066  0.003572  0.003698   0.01134         8       640    0.5243    0.9312    0.7439    0.6856  0.002747 0.0009798  0.004724
    48/299     7.26G  0.003301  0.003818  0.003866   0.01099         4       640    0.6406    0.7983    0.7529    0.6951  0.002601  0.001003  0.004606
    49/299     7.26G  0.006297  0.003674  0.004535   0.01451         5       640    0.4005    0.5484    0.4088     0.263   0.01004  0.002342  0.005221
    50/299     7.26G  0.005342  0.003854   0.00395   0.01315         7       640     0.521    0.9347    0.6581    0.6238  0.001862  0.001257  0.005713
    51/299     7.26G  0.005926  0.003866  0.004079   0.01387         4       640    0.5075    0.9714    0.7021     0.679    0.0019  0.001033  0.004856
    52/299     7.26G  0.003938   0.00373  0.003937    0.0116         4       640    0.6635    0.7746    0.7668     0.743  0.001946 0.0009803  0.004495
    53/299     7.26G  0.005899  0.003443  0.004095   0.01344         7       640    0.5306    0.9491    0.7047    0.6091  0.002795  0.000764  0.005027
    54/299     7.26G  0.005036  0.003465  0.004103    0.0126        10       640    0.5626    0.8804    0.7443    0.7168  0.002086 0.0007608   0.00557
    55/299     7.26G  0.004321  0.003353  0.003847   0.01152         6       640    0.6422    0.9066    0.8035     0.709  0.004066  0.001172  0.004335
    56/299     7.26G  0.005342  0.003392   0.00402   0.01275         7       640     0.494    0.1964    0.1951    0.1428    0.0262  0.002963  0.008615
    57/299     7.26G   0.00742  0.003298  0.004078    0.0148         5       640    0.6279    0.8956    0.8179    0.7321   0.00311 0.0007972  0.004931
    58/299     7.26G  0.006441   0.00325  0.004424   0.01411         6       640     0.767    0.7887    0.8752    0.8683  0.002775  0.001093  0.004494
    59/299     7.26G  0.007463  0.003391  0.004279   0.01513         8       640    0.6544    0.8986    0.8278    0.7666  0.002631  0.001114  0.004419
    60/299     7.26G  0.004487  0.003118  0.004055   0.01166        10       640    0.5327    0.6875    0.6045    0.2869  0.009438  0.002937  0.005562
    61/299     7.26G  0.005088  0.003128  0.003849   0.01206         7       640    0.8099    0.7701    0.8405    0.7862  0.002591 0.0009484  0.004262
    62/299     7.26G  0.006805  0.003034  0.003691   0.01353         7       640    0.5368    0.4527    0.4204    0.2477   0.01673  0.002919  0.005028
    63/299     7.26G  0.005379  0.003153  0.003805   0.01234         6       640    0.7554    0.7812    0.8268    0.7134  0.002878  0.000944  0.004283
    64/299     7.26G   0.00434  0.003053  0.003618   0.01101         6       640     0.655    0.8709    0.8342    0.7696  0.002867 0.0009499  0.004735
    65/299     7.26G  0.005561  0.002988  0.004067   0.01262         4       640    0.7088    0.8326    0.8284    0.7817  0.002883  0.000871  0.004559
    66/299     7.26G  0.005941  0.003133  0.003958   0.01303         6       640    0.6386    0.8973    0.8273    0.7052  0.003199   0.00117  0.004836
    67/299     7.26G  0.006444  0.003106  0.003958   0.01351         4       640    0.6024    0.7902    0.7172     0.701  0.002053 0.0009676  0.004973
    68/299     7.26G  0.004288  0.002925  0.003648   0.01086         4       640    0.4445    0.6637    0.5182    0.2734  0.003593  0.002324  0.004944
    69/299     7.26G  0.004376  0.003051  0.003577     0.011         4       640    0.6805    0.7582      0.77      0.75   0.00229  0.000876  0.004569
    70/299     7.26G   0.00543    0.0029  0.003855   0.01218         8       640    0.6147     0.913    0.8146    0.7032  0.004278  0.001107  0.004403
    71/299     7.26G  0.004265  0.002847  0.003346   0.01046         7       640    0.5996    0.7537    0.6857      0.57  0.003428  0.001276  0.005297
    72/299     7.26G  0.007844  0.002956  0.004128   0.01493         6       640    0.6503    0.7938    0.7573    0.6541   0.00369  0.001157  0.004534
    73/299     7.26G   0.00634  0.003058  0.003481   0.01288        10       640    0.8103    0.8839    0.9252    0.9237  0.001539  0.001208  0.003731
    74/299     7.26G  0.006953  0.002747  0.003644   0.01334         5       640     0.814    0.8646     0.913    0.8037    0.0039  0.001069   0.00327
    75/299     7.26G  0.007093  0.002895   0.00329   0.01328         7       640    0.8251    0.8476    0.9138    0.9022  0.002121 0.0009107   0.00327
    76/299     7.26G  0.005402  0.003058  0.003634    0.0121         6       640    0.8047    0.8512    0.8862    0.8532  0.002503 0.0009497  0.003297
    77/299     7.26G  0.005668  0.002799  0.003751   0.01222         6       640    0.6606    0.9278    0.8829    0.8824  0.001905   0.00104  0.004387
    78/299     7.26G  0.005544  0.002961  0.003582   0.01209         5       640    0.7958    0.8319    0.8738    0.7748  0.003311  0.001512   0.00385
    79/299     7.26G  0.004529  0.002727  0.003189   0.01045         4       640    0.8617    0.8602    0.9122    0.8989   0.00248  0.001369  0.003357
    80/299     7.26G  0.007645  0.002905  0.003957   0.01451         6       640    0.6998    0.8362    0.8178    0.6928  0.003354  0.001074  0.004208
    81/299     7.26G  0.002696   0.00267  0.002945  0.008311         6       640    0.7198    0.9182    0.8725    0.8395  0.002337  0.001207  0.004083
    82/299     7.26G  0.004598  0.002844  0.003502   0.01094         4       640    0.6977    0.9461    0.9327    0.8995   0.00215  0.001143  0.004055
    83/299     7.26G  0.004537  0.002773  0.003545   0.01085         3       640    0.6812    0.8878    0.8991    0.8213   0.00277  0.001035  0.004322
    84/299     7.26G  0.005885  0.002732  0.003755   0.01237         8       640    0.8228    0.8547     0.904    0.8609  0.002308 0.0009781  0.003344
    85/299     7.26G  0.005968   0.00293  0.003789   0.01269         6       640    0.8661    0.8439    0.9265    0.8371  0.002634 0.0009028   0.00346
    86/299     7.26G  0.006537  0.002826  0.003407   0.01277         7       640      0.61    0.9627    0.9015     0.896  0.001945  0.001136  0.005399
    87/299     7.26G  0.006959  0.002803  0.003753   0.01352         4       640    0.8349    0.8467    0.8997    0.8074   0.00355  0.001182  0.003582
    88/299     7.26G  0.006155  0.002742  0.003799    0.0127         6       640    0.6464    0.9431    0.8471    0.8332  0.002044 0.0009449  0.004144
    89/299     7.26G   0.00735  0.002681  0.003886   0.01392         4       640    0.7789    0.8157    0.8775    0.8066  0.002744  0.001016  0.004052
    90/299     7.26G  0.005435   0.00278  0.003391   0.01161         6       640    0.6624     0.933    0.8939    0.8648  0.002229  0.001084  0.004232
    91/299     7.26G   0.00581  0.002829  0.003967   0.01261         6       640    0.6393    0.9468    0.8632    0.8473  0.002262 0.0009942  0.004392
    92/299     7.26G  0.005793  0.002711  0.003636   0.01214         6       640    0.8095    0.8266    0.9041    0.8907  0.002137  0.001207  0.003878
    93/299     7.26G   0.00541   0.00266  0.003639   0.01171         6       640    0.7456    0.9138    0.9108    0.9099  0.001917    0.0013  0.004327
    94/299     7.26G  0.006848  0.002618  0.004104   0.01357         6       640    0.7638    0.9241    0.9001    0.8344  0.003055  0.001386  0.003961
    95/299     7.26G  0.006417  0.002851  0.003697   0.01297         7       640    0.7221    0.8966    0.9123    0.8996  0.001839  0.001085  0.003858
    96/299     7.26G   0.00512  0.002906  0.003774    0.0118         6       640    0.8196    0.9111     0.929    0.9084  0.002364 0.0007655  0.003217
    97/299     7.26G  0.005821  0.002889  0.003808   0.01252         6       640    0.7925    0.8744    0.9048    0.8944  0.001803 0.0009212  0.003555
    98/299     7.26G  0.006099  0.002681  0.003519    0.0123        12       640    0.7471    0.9334    0.8989    0.8015  0.002709 0.0009196  0.003288
    99/299     7.26G   0.00416  0.002731  0.003341   0.01023         5       640    0.8745    0.8717    0.9234    0.8757  0.002676 0.0008381  0.003042
   100/299     7.26G  0.003869  0.002644  0.003432  0.009945         6       640      0.85    0.8922      0.93    0.8966  0.002246  0.001095  0.002684
   101/299     7.26G  0.006083  0.002731  0.003967   0.01278         5       640     0.793    0.8659    0.9243     0.888  0.002399  0.001313  0.003411
   102/299     7.26G  0.004226  0.002721  0.003658    0.0106         3       640    0.7777    0.8095    0.8544    0.8225  0.002269  0.001001  0.004009
   103/299     7.26G  0.005411  0.002772  0.003881   0.01206         8       640    0.8794    0.8281    0.9187    0.8685   0.00248  0.001267  0.003451
   104/299     7.26G  0.005044  0.002905  0.003704   0.01165        13       640    0.7812    0.9413    0.9284    0.9037  0.001954  0.001158  0.003399
   105/299     7.26G  0.004713  0.003051  0.003688   0.01145         4       640    0.6956    0.8808    0.8805    0.8295  0.002352  0.001082  0.004116
   106/299     7.26G  0.004311  0.002873  0.003492   0.01068         5       640    0.6804    0.9115     0.893    0.8408  0.002144  0.001292  0.004404
   107/299     7.26G  0.008799   0.00278  0.003769   0.01535         5       640    0.8136    0.9312    0.9313    0.8414  0.002966  0.001323  0.002873
   108/299     7.26G   0.00408  0.002652  0.003196  0.009928         5       640    0.8484    0.8795    0.9262    0.9188  0.001725  0.001059  0.003192
   109/299     7.26G   0.01127  0.002799  0.004233    0.0183         6       640    0.7818    0.8791    0.9169    0.8746  0.002189  0.001046  0.003538
   110/299     7.26G  0.003705  0.002455  0.003044  0.009205         6       640     0.806    0.8867    0.9222    0.9066  0.001655  0.001075  0.003191
   111/299     7.26G  0.004408  0.002514  0.003056  0.009979         8       640    0.8383    0.8676    0.9169    0.8214    0.0029  0.001339  0.003154
   112/299     7.26G  0.005539  0.002527   0.00319   0.01126         3       640    0.8876    0.9048    0.9372    0.9175  0.002002  0.001278  0.003065
   113/299     7.26G  0.007003  0.002628  0.003369     0.013         7       640    0.8333    0.9051    0.9511    0.9394  0.001926  0.001143  0.002699
   114/299     7.26G  0.003218  0.002521  0.002934  0.008673         9       640    0.7612    0.8326    0.8733    0.8371   0.00181  0.001216  0.003829
   115/299     7.26G  0.005244  0.002814  0.003842    0.0119         4       640    0.8654    0.8981    0.9541     0.951  0.001558  0.001075  0.002626
   116/299     7.26G  0.003871  0.002539  0.002887  0.009297         8       640    0.8208    0.9308    0.9399     0.891  0.002528  0.001073  0.002671
   117/299     7.26G  0.005839  0.002436  0.003236   0.01151         2       640    0.8433    0.8891    0.9544    0.9135  0.002431  0.001211  0.002929
   118/299     7.26G  0.005721  0.002418  0.003258    0.0114         5       640     0.822    0.9359    0.9501     0.856  0.003298   0.00134  0.002978
   119/299     7.26G  0.007205  0.002579  0.004086   0.01387         8       640    0.7324    0.8891    0.9054    0.8857  0.002033  0.001093  0.003861
   120/299     7.26G  0.004318  0.002553  0.003635   0.01051         6       640    0.6208    0.7208     0.719    0.5792  0.004757  0.001828  0.004808
   121/299     7.26G  0.003668   0.00249  0.003234  0.009393         5       640    0.6683     0.947    0.8903    0.8631  0.002163 0.0009174   0.00436
   122/299     7.26G  0.004913  0.002506  0.003183    0.0106         4       640    0.6747    0.9267    0.9038    0.8733   0.00197 0.0008657  0.004581
   123/299     7.26G  0.005434  0.002489   0.00339   0.01131         6       640    0.8214    0.8926     0.934    0.9141   0.00204  0.001047  0.003012
   124/299     7.26G  0.003375    0.0027  0.003086  0.009161         5       640    0.8116     0.849    0.9173    0.9026  0.001803 0.0009505  0.003293
   125/299     7.26G  0.005034  0.002367  0.003307   0.01071         5       640    0.8551    0.9055    0.9467     0.898  0.002456  0.001101  0.002565
   126/299     7.26G  0.003993  0.002493  0.002971  0.009457         5       640    0.7449    0.8237    0.8422    0.7654  0.003048  0.001343   0.00414
   127/299     7.26G  0.005745  0.002472  0.003348   0.01157         6       640    0.8006    0.9323    0.9513    0.9098  0.002268  0.001107  0.002889
   128/299     7.26G  0.005044  0.002452  0.003537   0.01103         6       640     0.904    0.9129    0.9473    0.9375   0.00213  0.001053  0.003065
   129/299     7.26G  0.003378  0.002314  0.003009  0.008701         4       640    0.8381    0.6778    0.8152    0.6238  0.003126   0.00146  0.004145
   130/299     7.26G  0.005266  0.002384   0.00333   0.01098         5       640    0.7997    0.9343    0.9324    0.8995  0.001911  0.001201   0.00287
   131/299     7.26G  0.006396   0.00265  0.003434   0.01248         8       640    0.8477    0.8973    0.9412    0.8867  0.002687  0.001422  0.002572
   132/299     7.26G  0.005314  0.002464  0.002978   0.01076         5       640    0.7358    0.8495    0.8731    0.8521     0.002   0.00134  0.003979
   133/299     7.26G   0.00575   0.00275  0.003905    0.0124         6       640    0.8168    0.8504    0.9137    0.8944  0.001894  0.001321  0.003101
   134/299     7.26G  0.005226  0.002658  0.003325   0.01121         4       640    0.8795    0.8957    0.9505    0.9208  0.001933  0.001042  0.002499
   135/299     7.26G   0.00481  0.002521  0.003238   0.01057         5       640    0.7392    0.9278    0.9334    0.9162  0.002199  0.000965  0.003387
   136/299     7.26G  0.006862  0.002526  0.003527   0.01292         8       640    0.8281    0.8685    0.9204     0.904  0.002338 0.0009579  0.002954
   137/299     7.26G  0.008585  0.002439  0.003852   0.01488         8       640    0.7454    0.8698    0.9121    0.8253  0.002722  0.001114  0.003592
   138/299     7.26G  0.007405  0.002449  0.003551   0.01341        10       640    0.8534    0.8668    0.9502    0.9334  0.002339  0.001221  0.002978
   139/299     7.26G  0.007107  0.002662  0.003671   0.01344         7       640    0.8614     0.913     0.953    0.9194  0.002308  0.001259  0.002604
   140/299     7.26G  0.007036  0.002227  0.003168   0.01243         8       640    0.8275    0.9439    0.9546    0.9126  0.002272  0.001374  0.002559
   141/299     7.26G  0.005982  0.002423  0.003587   0.01199         4       640    0.9205    0.8731    0.9539    0.9411  0.001656  0.001251  0.002599
   142/299     7.26G  0.006198  0.002388  0.003313    0.0119        11       640     0.864    0.9235    0.9477     0.932  0.001458  0.001169  0.002633
   143/299     7.26G  0.005151  0.002269  0.003092   0.01051         8       640    0.8529    0.8915    0.9378    0.8486  0.002621  0.001237  0.002925
   144/299     7.26G  0.004412  0.002292  0.003106  0.009811         6       640    0.8496    0.8929    0.9471    0.9216  0.002151  0.001334  0.003067
   145/299     7.26G  0.007259  0.002524  0.003587   0.01337         5       640    0.8637    0.9375    0.9486    0.8688  0.002318  0.001452  0.002593
   146/299     7.26G  0.006154  0.002356  0.003478   0.01199         6       640    0.8655      0.88    0.9333    0.8909   0.00247  0.001246  0.002708
   147/299     7.26G  0.008672  0.002582  0.003711   0.01496        12       640    0.8317    0.9261    0.9493     0.854  0.002658  0.001151  0.002518
   148/299     7.26G   0.01044   0.00238  0.004002   0.01683         4       640    0.9121    0.8818    0.9515    0.9439  0.001735  0.001093  0.002358
   149/299     7.26G  0.004898  0.002251  0.003167   0.01032         6       640    0.8448    0.9274    0.9466    0.8817  0.002256 0.0009983  0.002483
   150/299     7.26G   0.00676  0.002349  0.003451   0.01256         4       640     0.893    0.8943    0.9462    0.9414  0.001776  0.001036  0.002453
   151/299     7.26G  0.004395  0.002488  0.003108  0.009991         8       640    0.8618    0.9159    0.9465    0.9253  0.002117  0.001085  0.002316
   152/299     7.26G  0.004972  0.002229  0.003444   0.01064         6       640    0.8865    0.9204    0.9506    0.9435  0.001846  0.001025  0.002227
   153/299     7.26G  0.004411  0.002251  0.003029  0.009691         6       640    0.8195    0.9343    0.9547    0.9416  0.001994 0.0009604  0.002467
   154/299     7.26G  0.003576  0.002331  0.003158  0.009065         8       640    0.8596    0.9251    0.9543    0.9242   0.00239  0.001218  0.002278
   155/299     7.26G  0.005751  0.002411  0.003093   0.01125         2       640    0.8704     0.917    0.9578    0.8868  0.002564  0.001258  0.002308
   156/299     7.26G  0.004311  0.002345  0.003063  0.009719         4       640    0.8638      0.93     0.961    0.9563  0.001891   0.00121  0.002178
   157/299     7.26G  0.005487   0.00225  0.003356   0.01109         3       640    0.8685    0.8979    0.9487    0.9416   0.00198  0.001194   0.00247
   158/299     7.26G  0.006554  0.002391   0.00354   0.01248         8       640    0.8313    0.8988    0.9542    0.9182  0.002088  0.001468    0.0026
   159/299     7.26G  0.006566   0.00236  0.003228   0.01215         4       640    0.7686    0.9018    0.9411    0.9023   0.00235  0.001394  0.003169
   160/299     7.26G  0.006818  0.002551  0.003449   0.01282         8       640    0.7749    0.9173    0.9413    0.9125  0.002314  0.001279   0.00311
   161/299     7.26G  0.003452  0.002298  0.002865  0.008615         6       640    0.8045     0.934    0.9455    0.8816  0.002342  0.001303  0.002681
   162/299     7.26G   0.00533  0.002358  0.003336   0.01102         7       640    0.8519    0.9494    0.9576    0.9321  0.002326  0.001536  0.002207
   163/299     7.26G  0.005334  0.002218  0.003041   0.01059         5       640    0.8765    0.9292    0.9555    0.9061  0.002304  0.001584   0.00223
   164/299     7.26G  0.004777   0.00213  0.002867  0.009774         6       640    0.8549    0.9092    0.9514    0.9278  0.002342  0.001422  0.002361
   165/299     7.26G  0.003789  0.002315  0.003112  0.009216         3       640    0.8278    0.9174    0.9417    0.8851  0.002615  0.001325   0.00248
   166/299     7.26G  0.005735  0.002216   0.00325    0.0112         4       640    0.8627      0.91     0.951    0.9292  0.002273  0.001242   0.00252
   167/299     7.26G  0.009233  0.002354   0.00362   0.01521         7       640    0.8256    0.9211     0.919    0.8673   0.00216  0.001055  0.002751
   168/299     7.26G  0.005186  0.002238   0.00283   0.01025         5       640    0.7842    0.9434    0.9434    0.9048   0.00219 0.0008937  0.002869
   169/299     7.26G  0.007312  0.002165  0.003299   0.01278         4       640    0.7811    0.8599    0.9446    0.9389  0.001597 0.0008425  0.003782
   170/299     7.26G  0.006053  0.002355  0.003037   0.01144         4       640    0.8369    0.8632    0.9495    0.9396  0.001715   0.00109  0.002837
   171/299     7.26G  0.006277  0.002494  0.003454   0.01222         4       640    0.8441    0.9015    0.9508    0.9177  0.001834  0.001208  0.002542
   172/299     7.26G  0.004776  0.002114   0.00293  0.009821         6       640    0.8551    0.8992    0.9483    0.9304  0.001811  0.001327  0.002482
   173/299     7.26G  0.002224   0.00219  0.002546  0.006961         5       640    0.8205    0.8981    0.9369    0.8587  0.002378    0.0014  0.002876
   174/299     7.26G  0.006492  0.002338  0.003493   0.01232         8       640    0.8371    0.9177    0.9534    0.9243   0.00237  0.001404  0.002601
   175/299     7.26G  0.006624  0.002122  0.003246   0.01199         8       640    0.8958    0.9174    0.9668    0.9245  0.002366  0.001319  0.002264
   176/299     7.26G  0.003192  0.002118  0.002938  0.008248         5       640    0.8313    0.9554    0.9558    0.9367    0.0022  0.001311  0.002528
   177/299     7.26G  0.005164  0.001903  0.002778  0.009845         3       640    0.8024    0.9248    0.9171    0.9093  0.002026  0.001283  0.003382
   178/299     7.26G  0.005632  0.001985  0.002987    0.0106         4       640    0.8511    0.9234    0.9431    0.8417  0.002992  0.001325  0.002844
   179/299     7.26G  0.002926  0.002118  0.002824  0.007868         6       640    0.7223    0.8605    0.8702    0.7881  0.002189  0.001151  0.005214
   180/299     7.26G  0.006114  0.002102   0.00339   0.01161         6       640    0.7424     0.764    0.8183    0.7314  0.002167  0.001268  0.006145
   181/299     7.26G  0.006518  0.002215   0.00333   0.01206         6       640    0.8496    0.8609    0.9229    0.8727  0.002307  0.001227  0.003451
   182/299     7.26G  0.005391  0.002422  0.003641   0.01145         4       640    0.8897    0.9158    0.9666    0.9417   0.00198  0.001293   0.00197
   183/299     7.26G  0.003966  0.002342  0.003174  0.009482         8       640    0.9076     0.901    0.9665      0.96  0.001803  0.001298  0.001911
   184/299     7.26G  0.004559  0.002252  0.002827  0.009638         4       640    0.8839    0.9245    0.9623    0.9451   0.00202  0.001173  0.002059
   185/299     7.26G  0.006584  0.002173  0.003301   0.01206         8       640    0.8661     0.939    0.9669    0.9522  0.001889  0.001229  0.002163
   186/299     7.26G  0.007548  0.002305  0.003144     0.013         7       640    0.8997    0.9248    0.9707    0.9458  0.002342   0.00128  0.001977
   187/299     7.26G   0.00561  0.002121  0.002999   0.01073         6       640     0.903    0.9202    0.9519    0.9272  0.002145  0.001208  0.002379
   188/299     7.26G  0.004029  0.002082  0.003011  0.009123         6       640    0.9079    0.9215    0.9692    0.9121   0.00242  0.001141  0.001945
   189/299     7.26G  0.004813  0.002102  0.003367   0.01028         6       640    0.9085    0.9177    0.9616    0.9417  0.002069  0.001178  0.002061
   190/299     7.26G  0.005395   0.00207  0.003303   0.01077         6       640    0.8651    0.9352    0.9563     0.941  0.002036  0.001161  0.002166
   191/299     7.26G  0.006464  0.002094  0.003328   0.01189         6       640    0.8535    0.8987    0.9538     0.901  0.002472   0.00114  0.002638
   192/299     7.26G  0.005527  0.002136  0.003216   0.01088         5       640    0.8999    0.9122    0.9591    0.8985  0.002461  0.001174  0.002084
   193/299     7.26G  0.004717  0.002194  0.003091      0.01        10       640    0.8932      0.93    0.9668    0.9334  0.002232   0.00118  0.002001
   194/299     7.26G  0.005761  0.002097  0.003164   0.01102         7       640    0.8421     0.965    0.9659    0.9348  0.002199   0.00105  0.001976
   195/299     7.26G  0.007227  0.002061   0.00362   0.01291         6       640    0.8492    0.9554     0.964    0.9516  0.001808  0.001002  0.001846
   196/299     7.26G   0.00727   0.00234   0.00319    0.0128         4       640    0.9052    0.9152    0.9654    0.9541    0.0018  0.001115  0.001924
   197/299     7.26G  0.004931  0.002267  0.002753  0.009952         6       640    0.9066    0.9204    0.9648    0.9606  0.001937  0.001036  0.001974
   198/299     7.26G  0.003927  0.002083  0.002979  0.008989         3       640    0.8325    0.9457     0.956    0.9387  0.002104  0.001086   0.00215
   199/299     7.26G   0.00576  0.001986  0.003032   0.01078         4       640    0.9254    0.8921    0.9671    0.9485  0.002215  0.001117  0.002005
   200/299     7.26G  0.004332  0.002086  0.003175  0.009593         9       640    0.8965    0.9293    0.9591     0.942  0.002349  0.001206  0.002061
   201/299     7.26G  0.005749  0.002051  0.003172   0.01097         5       640    0.8743    0.9293    0.9648    0.9445  0.002059  0.001215  0.002117
   202/299     7.26G  0.003746  0.002036  0.002816  0.008598         4       640    0.8808    0.9046    0.9674     0.952  0.002023  0.001254  0.002031
   203/299     7.26G   0.00263  0.002008  0.002591  0.007229         6       640    0.8843    0.9346    0.9707    0.9566  0.002039  0.001221  0.001803
   204/299     7.26G  0.003088  0.001999  0.002705  0.007792         4       640    0.9312     0.906    0.9654     0.949  0.002089  0.001156  0.001835
   205/299     7.26G  0.006144  0.001934  0.003005   0.01108         6       640    0.9159    0.9233    0.9729    0.9406  0.002267  0.001113  0.001753
   206/299     7.26G  0.007127  0.002077  0.003331   0.01253        10       640    0.9232    0.9321    0.9743     0.963  0.002009  0.001067  0.001703
   207/299     7.26G  0.005253  0.002007  0.002737  0.009997         5       640    0.8794    0.9197    0.9623    0.9416  0.002055 0.0009938  0.002196
   208/299     7.26G  0.003274  0.002003  0.002809  0.008086         7       640    0.8922     0.947    0.9705    0.9505  0.002146  0.001043  0.001778
   209/299     7.26G  0.009837  0.002093  0.003881   0.01581         5       640    0.8801    0.9571    0.9718    0.9536  0.002151  0.001091  0.001759
   210/299     7.26G  0.006001  0.002058  0.003163   0.01122         8       640    0.8695    0.9292      0.96    0.9442  0.002178  0.001089  0.002373
   211/299     7.26G  0.004839  0.001936  0.003194   0.00997         6       640    0.8965    0.9152    0.9625    0.9187  0.002366  0.001036  0.002089
   212/299     7.26G  0.009581  0.002034  0.003703   0.01532         6       640    0.8678    0.8668    0.9317    0.9033    0.0021  0.001123  0.002773
   213/299     7.26G  0.005586  0.002164  0.003075   0.01082         6       640    0.8144    0.8705    0.9163    0.8859  0.002055  0.001113  0.002952
   214/299     7.26G  0.005717  0.002161  0.003113   0.01099         6       640     0.859    0.8653    0.9259    0.8939  0.002235  0.001251  0.002815
   215/299     7.26G  0.005619  0.002021  0.002746   0.01039         7       640    0.8376    0.9561    0.9588    0.9426  0.002219  0.001239  0.002131
   216/299     7.26G  0.008149  0.002005  0.003377   0.01353         5       640    0.9048    0.9139    0.9562    0.9392  0.002087   0.00121  0.002015
   217/299     7.26G  0.007592  0.002083  0.003303   0.01298        11       640    0.9003    0.9139    0.9561    0.9498   0.00188  0.001162  0.002045
   218/299     7.26G   0.01073  0.001931  0.003654   0.01632         6       640    0.8319    0.9033    0.9429    0.9181  0.002197  0.001277  0.002539
   219/299     7.26G  0.007121  0.002059  0.003302   0.01248         7       640    0.7942    0.8636    0.9097    0.8688  0.002176  0.001322  0.003051
   220/299     7.26G  0.006065  0.001965    0.0029   0.01093         8       640    0.9047    0.8996    0.9578    0.9418  0.002216  0.001396  0.002174
   221/299     7.26G  0.008035  0.001957  0.003396   0.01339         8       640    0.9214    0.9263    0.9731    0.9612   0.00214  0.001478  0.001796
   222/299     7.26G  0.006381  0.001924  0.002823   0.01113         8       640    0.9095    0.9315    0.9689    0.9574  0.002185   0.00138  0.001838
   223/299     7.26G  0.005193  0.001944  0.002741  0.009879         8       640    0.9068    0.9227    0.9661    0.9581  0.002179  0.001345  0.001909
   224/299     7.26G  0.003318  0.001861  0.002642  0.007822         6       640    0.8965    0.9049    0.9654      0.96  0.002033  0.001269  0.001991
   225/299     7.26G   0.00459  0.001872  0.002547  0.009009         6       640    0.8967    0.9397    0.9663    0.9582  0.002119  0.001286  0.001977
   226/299     7.26G  0.005472   0.00201  0.002991   0.01047         8       640    0.9359    0.9062    0.9655    0.9541  0.002068  0.001267  0.001932
   227/299     7.26G  0.004307  0.001957   0.00278  0.009044         6       640     0.917    0.9307    0.9653    0.9463  0.002217  0.001196  0.002005
   228/299     7.26G  0.006422  0.001846  0.002968   0.01123         6       640    0.9093     0.936    0.9647    0.9406  0.002269  0.001145  0.001945
   229/299     7.26G  0.003752   0.00206  0.002501  0.008313         4       640    0.8931    0.9345    0.9684     0.938  0.002344   0.00121  0.001959
   230/299     7.26G  0.005074  0.001974  0.003163   0.01021         5       640    0.9004     0.913    0.9715    0.9571  0.002211  0.001293  0.001805
   231/299     7.26G  0.003301  0.001769  0.002517  0.007588         8       640     0.909    0.9301    0.9701     0.891  0.002582  0.001334  0.001868
   232/299     7.26G  0.004955  0.001826  0.002802  0.009583         8       640    0.9151    0.9149    0.9675     0.896  0.002504  0.001315   0.00203
   233/299     7.26G  0.004337  0.001901  0.003035  0.009273         6       640    0.9035    0.9263    0.9747    0.9536  0.002284  0.001355  0.001757
   234/299     7.26G   0.00457  0.001896  0.003103  0.009569         7       640     0.793     0.933    0.9511    0.9135  0.002367  0.001319  0.003021
   235/299     7.26G  0.006791  0.001903  0.003091   0.01178         4       640    0.8559    0.9249    0.9606    0.9311  0.002271   0.00135  0.002204
   236/299     7.26G  0.002155  0.001871  0.002396  0.006421         6       640    0.8963     0.922      0.97    0.9469  0.002307  0.001374  0.001824
   237/299     7.26G  0.003237  0.001862  0.002342   0.00744         8       640    0.8639    0.9668    0.9721    0.9589  0.002211  0.001275  0.001749
   238/299     7.26G  0.004991  0.001998  0.002821   0.00981         3       640    0.8734    0.9554     0.972    0.9534  0.002276  0.001277  0.001781
   239/299     7.26G   0.00544  0.001862  0.002849   0.01015         5       640    0.9026    0.9302    0.9731    0.9475    0.0023  0.001303  0.001718
   240/299     7.26G   0.00236  0.001884  0.002454  0.006698         6       640    0.9001    0.9452    0.9749    0.9635   0.00223  0.001316  0.001675
   241/299     7.26G  0.005793  0.001859  0.003225   0.01088         4       640    0.9114    0.9262    0.9725     0.964  0.002008  0.001209  0.001902
   242/299     7.26G    0.0041  0.001847  0.002704  0.008651         7       640    0.9026    0.9338    0.9671    0.9567  0.002087  0.001112  0.001803
   243/299     7.26G  0.004252  0.002012  0.003073  0.009336         4       640    0.8743    0.9189     0.964    0.9546  0.002031  0.001124  0.001937
   244/299     7.26G  0.005278    0.0019  0.003123    0.0103         5       640    0.7952    0.9299    0.9291    0.9086   0.00211  0.001194  0.002739
   245/299     7.26G  0.004229  0.001889  0.002706  0.008825         4       640    0.6682    0.9092    0.8689    0.7584  0.002621  0.001191   0.00397
   246/299     7.26G  0.005624  0.001923   0.00304   0.01059         7       640    0.6973    0.8237    0.8478    0.7712  0.002673  0.001192  0.004529
   247/299     7.26G  0.003984  0.001854  0.002622  0.008461         7       640    0.7724    0.9033    0.9201     0.908  0.001957  0.001149  0.003317
   248/299     7.26G  0.005072  0.001832  0.002729  0.009633         6       640    0.8519    0.9594    0.9655    0.9523  0.002064  0.001164  0.002046
   249/299     7.26G  0.008188  0.002037  0.003663   0.01389         5       640    0.8898    0.9002    0.9551    0.9504  0.002004  0.001099  0.002194
   250/299     7.26G  0.005364   0.00195  0.003011   0.01033         8       640    0.9117    0.9038    0.9585    0.9376  0.002115  0.001122  0.002118
